0 0.734098 2.49736 2.85911 7.88946 6.04813 5.27953 4.37576 9.95905 5.50523 10.1811 7.81525 8.66703 9.3137 9.15726 8.42882 10.2845 13.0357 9.32278 11.9014 
0.734098 0 1.82661 2.85671 7.21871 5.37738 4.60878 3.64166 9.2883 4.77113 9.51034 7.08115 7.93293 8.64295 8.42316 7.69472 9.61378 12.365 8.58868 11.2306 
2.49736 1.82661 0 2.7821 5.39211 3.55077 2.78218 2.06828 7.46169 3.03949 7.68373 5.37208 6.20129 6.81634 6.69152 5.97022 7.78717 10.5383 6.85704 9.40403 
2.85911 2.85671 2.7821 0 8.17421 6.33288 5.56428 2.67606 10.2438 3.6787 10.4658 6.01129 6.8405 8.07634 7.33072 6.60943 8.94269 11.7943 7.49625 10.345 
7.88946 7.21871 5.39211 8.17421 0 1.84133 3.08756 6.03348 2.62937 6.00361 2.83783 6.68099 6.95501 7.12172 7.44542 7.82721 8.09255 6.34165 8.84416 8.64578 
6.04813 5.37738 3.55077 6.33288 1.84133 0 1.34629 4.29222 3.91092 4.26235 4.13296 4.93973 5.21375 5.38046 5.70415 6.08594 6.35128 7.6232 7.1029 7.96814 
5.27953 4.60878 2.78218 5.56428 3.08756 1.34629 0 2.94593 5.25721 2.91606 5.47925 3.59344 3.86745 4.03417 4.35786 4.73965 5.00499 7.75617 5.75661 6.62185 
4.37576 3.64166 2.06828 2.67606 6.03348 4.29222 2.94593 0 8.20314 1.12947 8.42518 3.43949 4.29127 5.51229 4.7815 4.05306 6.39346 9.23429 4.94702 7.79581 
9.95905 9.2883 7.46169 10.2438 2.62937 3.91092 5.25721 8.20314 0 8.17327 0.222036 8.85065 8.66606 7.43428 8.25706 9.96626 6.56387 3.71228 10.4109 6.0164 
5.50523 4.77113 3.03949 3.6787 6.00361 4.26235 2.91606 1.12947 8.17327 0 8.39531 2.33259 3.1618 4.39764 3.65203 2.93073 5.26399 8.11559 3.81755 6.66634 
10.1811 9.51034 7.68373 10.4658 2.83783 4.13296 5.47925 8.42518 0.222036 8.39531 0 9.07269 8.54718 7.3154 8.13819 9.84737 6.44499 3.5934 10.292 5.89752 
7.81525 7.08115 5.37208 6.01129 6.68099 4.93973 3.59344 3.43949 8.85065 2.33259 9.07269 0 0.88837 2.0728 1.36033 1.14621 2.98107 5.7948 2.16317 4.38386 
8.66703 7.93293 6.20129 6.8405 6.95501 5.21375 3.86745 4.29127 8.66606 3.1618 8.54718 0.88837 0 1.23584 0.490408 1.50526 2.10219 4.95379 2.31631 3.50454 
9.3137 8.64295 6.81634 8.07634 7.12172 5.38046 4.03417 5.51229 7.43428 4.39764 7.3154 2.0728 1.23584 0 0.956033 2.68293 0.970824 3.722 3.3247 2.58768 
9.15726 8.42316 6.69152 7.33072 7.44542 5.70415 4.35786 4.7815 8.25706 3.65203 8.13819 1.36033 0.490408 0.956033 0 1.74233 1.69319 4.54479 2.37933 3.02352 
8.42882 7.69472 5.97022 6.60943 7.82721 6.08594 4.73965 4.05306 9.96626 2.93073 9.84737 1.14621 1.50526 2.68293 1.74233 0 3.40238 6.25398 1.03078 4.76585 
10.2845 9.61378 7.78717 8.94269 8.09255 6.35128 5.00499 6.39346 6.56387 5.26399 6.44499 2.98107 2.10219 0.970824 1.69319 3.40238 0 2.8516 3.84704 1.66859 
13.0357 12.365 10.5383 11.7943 6.34165 7.6232 7.75617 9.23429 3.71228 8.11559 3.5934 5.7948 4.95379 3.722 4.54479 6.25398 2.8516 0 6.69863 2.30413 
9.32278 8.58868 6.85704 7.49625 8.84416 7.1029 5.75661 4.94702 10.4109 3.81755 10.292 2.16317 2.31631 3.3247 2.37933 1.03078 3.84704 6.69863 0 5.40285 
11.9014 11.2306 9.40403 10.345 8.64578 7.96814 6.62185 7.79581 6.0164 6.66634 5.89752 4.38386 3.50454 2.58768 3.02352 4.76585 1.66859 2.30413 5.40285 0 


0 1.20599 1.48492 1.85 -1 -1 -1 -1 -1 -1 -1 -1 -1 -1 -1 -1 -1 -1 -1 -1 
1.20599 0 0.284605 0.718401 -1 -1 -1 -1 -1 -1 -1 -1 -1 -1 -1 -1 -1 -1 -1 -1 
1.48492 0.284605 0 0.462277 -1 -1 -1 -1 -1 -1 -1 -1 -1 -1 -1 -1 -1 -1 -1 -1 
1.85 0.718401 0.462277 0 -1 -1 -1 -1 -1 -1 -1 -1 -1 -1 -1 -1 -1 -1 -1 -1 
-1 -1 -1 -1 0 1.2985 5.11217 3.96063 4.58457 17.7351 17.3696 15.8631 6.493 16.0638 7.66193 13.7193 8.4452 9.21917 11.9879 10.8842 
-1 -1 -1 -1 1.2985 0 3.81367 3.1004 3.69064 16.8411 16.4757 14.9691 5.63277 15.1698 6.8017 12.8254 7.55127 8.35582 11.0939 9.99023 
-1 -1 -1 -1 5.11217 3.81367 0 2.78525 2.73249 15.883 15.5176 14.011 4.91593 14.2117 6.08398 11.8672 6.59312 7.39767 10.1358 9.03208 
-1 -1 -1 -1 3.96063 3.1004 2.78525 0 0.623939 13.7744 13.409 11.9024 2.53237 12.1031 3.7013 9.75866 4.48457 5.25854 8.02724 6.92353 
-1 -1 -1 -1 4.58457 3.69064 2.73249 0.623939 0 13.1505 12.7851 11.2785 2.18344 11.4792 3.35149 9.13472 3.86063 4.66518 7.4033 6.29959 
-1 -1 -1 -1 17.7351 16.8411 15.883 13.7744 13.1505 0 0.367967 1.872 11.8848 2.29965 11.6601 4.18726 9.28985 10.0944 5.74718 7.14181 
-1 -1 -1 -1 17.3696 16.4757 15.5176 13.409 12.7851 0.367967 0 1.50659 11.5194 2.01062 11.2947 3.81955 8.92443 9.72898 5.38176 6.7764 
-1 -1 -1 -1 15.8631 14.9691 14.011 11.9024 11.2785 1.872 1.50659 0 10.0128 1.13172 9.78808 2.31525 7.41785 8.22239 3.87518 5.26981 
-1 -1 -1 -1 6.493 5.63277 4.91593 2.53237 2.18344 11.8848 11.5194 10.0128 0 10.2135 1.17324 7.86902 2.59494 2.72617 6.13761 5.03389 
-1 -1 -1 -1 16.0638 15.1698 14.2117 12.1031 11.4792 2.29965 2.01062 1.13172 10.2135 0 9.98881 2.34955 7.61857 8.42312 4.07591 5.47054 
-1 -1 -1 -1 7.66193 6.8017 6.08398 3.7013 3.35149 11.6601 11.2947 9.78808 1.17324 9.98881 0 7.64432 2.37023 2.14114 5.9129 4.80919 
-1 -1 -1 -1 13.7193 12.8254 11.8672 9.75866 9.13472 4.18726 3.81955 2.31525 7.86902 2.34955 7.64432 0 5.27408 6.07863 1.73142 3.12525 
-1 -1 -1 -1 8.4452 7.55127 6.59312 4.48457 3.86063 9.28985 8.92443 7.41785 2.59494 7.61857 2.37023 5.27408 0 0.80455 3.54267 2.43895 
-1 -1 -1 -1 9.21917 8.35582 7.39767 5.25854 4.66518 10.0944 9.72898 8.22239 2.72617 8.42312 2.14114 6.07863 0.80455 0 4.34722 2.95743 
-1 -1 -1 -1 11.9879 11.0939 10.1358 8.02724 7.4033 5.74718 5.38176 3.87518 6.13761 4.07591 5.9129 1.73142 3.54267 4.34722 0 1.39463 
-1 -1 -1 -1 10.8842 9.99023 9.03208 6.92353 6.29959 7.14181 6.7764 5.26981 5.03389 5.47054 4.80919 3.12525 2.43895 2.95743 1.39463 0 


0 12.7359 1.32439 3.77276 9.66913 4.071 4.34686 6.06033 4.69269 5.51247 6.01658 8.15514 9.65156 8.18614 8.4062 8.08948 8.50855 6.92693 7.41748 7.13689 
12.7359 0 12.5005 8.96311 3.06674 9.86742 10.0456 6.67554 10.1073 7.56097 11.3488 5.74144 5.46951 6.25021 6.15875 6.76393 6.49277 8.99996 8.58573 10.6264 
1.32439 12.5005 0 3.53736 9.43373 3.44084 3.5635 5.82493 3.90585 5.27707 5.23323 7.91974 9.41616 7.95074 8.1708 7.85408 8.27315 6.57493 7.18208 6.44782 
3.77276 8.96311 3.53736 0 5.89637 1.17273 1.4359 2.28757 1.69623 1.73971 3.07834 4.38238 5.8788 4.41338 4.63345 4.31673 4.73579 3.15417 3.64472 3.64774 
9.66913 3.06674 9.43373 5.89637 0 6.80067 6.97884 3.60879 7.04056 4.49423 8.28205 2.6747 2.40277 3.18347 3.09201 3.69719 3.42603 5.93322 5.51899 7.55963 
4.071 9.86742 3.44084 1.17273 6.80067 0 0.275862 3.19188 0.621691 2.43214 1.94558 5.14643 6.6945 5.10581 5.32587 5.00915 5.42822 3.13409 3.75133 3.06589 
4.34686 10.0456 3.5635 1.4359 6.97884 0.275862 0 3.37004 0.376563 2.57721 1.66973 5.2915 6.83957 5.25088 5.47094 5.15422 5.57329 3.1001 3.73676 2.89638 
6.06033 6.67554 5.82493 2.28757 3.60879 3.19188 3.37004 0 3.43176 0.885437 4.67326 2.0948 3.59123 2.20411 2.39735 2.27706 2.59008 2.57111 2.62469 3.95386 
4.69269 10.1073 3.90585 1.69623 7.04056 0.621691 0.376563 3.43176 0 2.59557 1.38398 5.30987 6.85793 5.26924 5.48931 5.17259 5.59165 2.87089 3.52483 2.54197 
5.51247 7.56097 5.27707 1.73971 4.49423 2.43214 2.57721 0.885437 2.59557 0 3.78782 2.7143 4.26236 2.67367 2.89373 2.57701 2.99608 1.95494 2.21002 3.15687 
6.01658 11.3488 5.23323 3.07834 8.28205 1.94558 1.66973 4.67326 1.38398 3.78782 0 6.50212 8.05018 6.31661 6.52481 5.89889 6.3963 3.41494 4.081 2.36326 
8.15514 5.74144 7.91974 4.38238 2.6747 5.14643 5.2915 2.0948 5.30987 2.7143 6.50212 0 1.54806 0.519711 0.511566 1.0245 0.861453 3.25853 2.84429 4.88493 
9.65156 5.46951 9.41616 5.8788 2.40277 6.6945 6.83957 3.59123 6.85793 4.26236 8.05018 1.54806 0 1.75026 1.53264 2.16363 1.68576 4.64252 4.12332 6.24794 
8.18614 6.25021 7.95074 4.41338 3.18347 5.10581 5.25088 2.20411 5.26924 2.67367 6.31661 0.519711 1.75026 0 0.228035 0.516624 0.417613 2.90167 2.42638 4.52808 
8.4062 6.15875 8.1708 4.63345 3.09201 5.32587 5.47094 2.39735 5.48931 2.89373 6.52481 0.511566 1.53264 0.228035 0 0.666408 0.354401 3.10987 2.61589 4.73628 
8.08948 6.76393 7.85408 4.31673 3.69719 5.00915 5.15422 2.27706 5.17259 2.57701 5.89889 1.0245 2.16363 0.516624 0.666408 0 0.502494 2.48395 1.95969 4.08431 
8.50855 6.49277 8.27315 4.73579 3.42603 5.42822 5.57329 2.59008 5.59165 2.99608 6.3963 0.861453 1.68576 0.417613 0.354401 0.502494 0 2.98136 2.43822 4.58158 
6.92693 8.99996 6.57493 3.15417 5.93322 3.13409 3.1001 2.57111 2.87089 1.95494 3.41494 3.25853 4.64252 2.90167 3.10987 2.48395 2.98136 0 0.672309 1.62641 
7.41748 8.58573 7.18208 3.64472 5.51899 3.75133 3.73676 2.62469 3.52483 2.21002 4.081 2.84429 4.12332 2.42638 2.61589 1.95969 2.43822 0.672309 0 2.14336 
7.13689 10.6264 6.44782 3.64774 7.55963 3.06589 2.89638 3.95386 2.54197 3.15687 2.36326 4.88493 6.24794 4.52808 4.73628 4.08431 4.58158 1.62641 2.14336 0 


0 0.933916 1 4.78295 2.4016 8.27129 2.861 4.42965 4.47249 4.321 5.12135 6.23567 6.81177 8.23643 9.54573 9.11497 10.1818 11.47 10.9333 11.0333 
0.933916 0 1.75391 5.55282 3.20426 9.04116 2.66543 4.75665 3.98911 4.12543 4.92578 6.56092 7.13781 8.56343 9.87099 8.9194 10.5071 11.7953 10.7378 11.3586 
1 1.75391 0 3.79891 1.45041 7.28725 2.54191 3.42965 4.1534 3.88645 4.40166 5.23567 5.81177 7.23643 8.54573 8.39528 9.1818 10.47 10.197 10.0333 
4.78295 5.55282 3.79891 0 2.38134 3.48834 5.62002 5.55854 7.23151 7.08002 6.53055 6.39762 6.97451 7.58322 9.70768 10.5242 10.3438 11.3864 11.3589 11.1953 
2.4016 3.20426 1.45041 2.38134 0 5.86968 3.23867 3.1772 4.85016 4.69867 4.14921 4.01628 4.59317 6.05601 7.32634 8.14283 7.96242 9.25061 8.9776 8.81392 
8.27129 9.04116 7.28725 3.48834 5.86968 0 9.10835 7.90167 10.3774 9.49052 8.26285 6.13462 5.60449 4.09489 6.65684 10.8204 8.18665 7.89804 9.20183 8.09595 
2.861 2.66543 2.54191 5.62002 3.23867 9.10835 0 2.09122 1.61149 1.46 2.26035 3.8955 4.47239 5.898 7.20556 6.25397 7.84163 9.12982 8.07235 8.69314 
4.42965 4.75665 3.42965 5.55854 3.1772 7.90167 2.09122 0 2.62688 1.76567 0.972008 1.80602 2.38212 3.80678 5.11608 4.96563 5.75215 7.04034 6.76734 6.60366 
4.47249 3.98911 4.1534 7.23151 4.85016 10.3774 1.61149 2.62688 0 0.886848 2.12361 4.24275 4.77957 6.28248 7.55281 6.11723 8.18889 9.47708 7.9356 9.0404 
4.321 4.12543 3.88645 7.08002 4.69867 9.49052 1.46 1.76567 0.886848 0 1.25539 3.35591 3.89272 5.39564 6.66597 5.24901 7.30204 8.59023 7.06739 8.15355 
5.12135 4.92578 4.40166 6.53055 4.14921 8.26285 2.26035 0.972008 2.12361 1.25539 0 2.14394 2.65836 4.16797 5.45401 3.99362 6.09008 7.37827 5.812 6.94159 
6.23567 6.56092 5.23567 6.39762 4.01628 6.13462 3.8955 1.80602 4.24275 3.35591 2.14394 0 0.576888 2.03973 3.31006 6.13757 3.94614 5.23433 4.96132 4.79764 
6.81177 7.13781 5.81177 6.97451 4.59317 5.60449 4.47239 2.38212 4.77957 3.89272 2.65836 0.576888 0 1.5096 2.83064 6.32078 3.68706 4.7549 4.70224 4.31822 
8.23643 8.56343 7.23643 7.58322 6.05601 4.09489 5.898 3.80678 6.28248 5.39564 4.16797 2.03973 1.5096 0 2.56195 6.72548 4.09176 3.80316 5.10695 4.00106 
9.54573 9.87099 8.54573 9.70768 7.32634 6.65684 7.20556 5.11608 7.55281 6.66597 5.45401 3.31006 2.83064 2.56195 0 4.52901 1.89528 1.92427 2.90904 1.48758 
9.11497 8.9194 8.39528 10.5242 8.14283 10.8204 6.25397 4.96563 6.11723 5.24901 3.99362 6.13757 6.32078 6.72548 4.52901 0 2.63372 5.80208 1.81838 4.50054 
10.1818 10.5071 9.1818 10.3438 7.96242 8.18665 7.84163 5.75215 8.18889 7.30204 6.09008 3.94614 3.68706 4.09176 1.89528 2.63372 0 3.16836 1.01518 1.86682 
11.47 11.7953 10.47 11.3864 9.25061 7.89804 9.12982 7.04034 9.47708 8.59023 7.37827 5.23433 4.7549 3.80316 1.92427 5.80208 3.16836 0 4.07594 1.40246 
10.9333 10.7378 10.197 11.3589 8.9776 9.20183 8.07235 6.76734 7.9356 7.06739 5.812 4.96132 4.70224 5.10695 2.90904 1.81838 1.01518 4.07594 0 2.70118 
11.0333 11.3586 10.0333 11.1953 8.81392 8.09595 8.69314 6.60366 9.0404 8.15355 6.94159 4.79764 4.31822 4.00106 1.48758 4.50054 1.86682 1.40246 2.70118 0 


0 3.73109 7.25121 3.24581 8.20709 2.47455 1.64347 3.26021 7.09179 8.72192 6.79931 6.92052 8.68918 10.0561 9.47835 11.7135 9.35313 11.0849 12.936 11.2311 
3.73109 0 3.52013 0.550363 4.476 1.75328 5.09927 1.60524 5.43682 6.87423 5.14434 5.26554 7.03421 8.4011 7.82337 10.0586 7.69815 9.42992 11.2811 9.57611 
7.25121 3.52013 0 4.02497 0.955877 5.23514 8.58112 5.12537 3.43792 3.3541 4.77993 5.36872 5.71164 8.45864 7.91759 10.1161 7.80134 9.52414 11.3753 8.25355 
3.24581 0.550363 4.02497 0 4.98085 1.21017 4.55615 1.19369 5.02527 6.65539 4.73279 4.85399 6.62266 7.98955 7.41182 9.64701 7.2866 9.01837 10.8695 9.16456 
8.20709 4.476 0.955877 4.98085 0 6.19101 9.537 6.08125 3.16183 2.66227 4.50385 5.09264 5.36644 8.18256 7.64151 9.84002 7.52525 9.24806 11.0992 7.90835 
2.47455 1.75328 5.23514 1.21017 6.19101 0 3.34598 0.793221 4.6248 6.25492 4.33232 4.45352 6.22219 7.58908 7.01135 9.24654 6.88613 8.6179 10.4691 8.76409 
1.64347 5.09927 8.58112 4.55615 9.537 3.34598 0 4.00719 7.83877 9.4689 7.54629 7.66749 9.43616 10.803 10.2253 12.4605 10.1001 11.8319 13.683 11.9781 
3.26021 1.60524 5.12537 1.19369 6.08125 0.793221 4.00719 0 3.83158 5.4617 3.5391 3.6603 5.42896 6.79585 6.21813 8.45332 6.09291 7.82468 9.67583 7.97087 
7.09179 5.43682 3.43792 5.02527 3.16183 4.6248 7.83877 3.83158 0 1.63012 1.34201 1.9308 2.27372 5.02072 4.47967 6.67819 4.36341 6.08622 7.93737 4.81563 
8.72192 6.87423 3.3541 6.65539 2.66227 6.25492 9.4689 5.4617 1.63012 0 2.8132 3.34073 2.70416 6.47629 5.89856 8.13376 5.77334 7.50511 9.35627 5.24607 
6.79931 5.14434 4.77993 4.73279 4.50385 4.33232 7.54629 3.5391 1.34201 2.8132 0 0.594138 1.88987 3.67871 3.13766 5.33618 3.02645 4.74421 6.59536 4.43178 
6.92052 5.26554 5.36872 4.85399 5.09264 4.45352 7.66749 3.6603 1.9308 3.34073 0.594138 0 1.91128 3.13555 2.55783 4.79302 2.43261 4.16438 6.01553 4.45319 
8.68918 7.03421 5.71164 6.62266 5.36644 6.22219 9.43616 5.42896 2.27372 2.70416 1.88987 1.91128 0 4.61403 3.7853 6.14199 3.41634 5.3729 7.12428 2.54191 
10.0561 8.4011 8.45864 7.98955 8.18256 7.58908 10.803 6.79585 5.02072 6.47629 3.67871 3.13555 4.61403 0 0.828734 1.65747 1.34614 1.0749 2.9615 7.15594 
9.47835 7.82337 7.91759 7.41182 7.64151 7.01135 10.2253 6.21813 4.47967 5.89856 3.13766 2.55783 3.7853 0.828734 0 2.35669 0.534135 1.60655 3.4577 6.32721 
11.7135 10.0586 10.1161 9.64701 9.84002 9.24654 12.4605 8.45332 6.67819 8.13376 5.33618 4.79302 6.14199 1.65747 2.35669 0 2.76045 0.83678 1.51238 8.6839 
9.35313 7.69815 7.80134 7.2866 7.52525 6.88613 10.1001 6.09291 4.36341 5.77334 3.02645 2.43261 3.41634 1.34614 0.534135 2.76045 0 1.95655 3.70794 5.95825 
11.0849 9.42992 9.52414 9.01837 9.24806 8.6179 11.8319 7.82468 6.08622 7.50511 4.74421 4.16438 5.3729 1.0749 1.60655 0.83678 1.95655 0 1.89613 7.91481 
12.936 11.2811 11.3753 10.8695 11.0992 10.4691 13.683 9.67583 7.93737 9.35627 6.59536 6.01553 7.12428 2.9615 3.4577 1.51238 3.70794 1.89613 0 9.66619 
11.2311 9.57611 8.25355 9.16456 7.90835 8.76409 11.9781 7.97087 4.81563 5.24607 4.43178 4.45319 2.54191 7.15594 6.32721 8.6839 5.95825 7.91481 9.66619 0 


0 2.45381 -1 -1 -1 -1 2.03691 2.53955 3.73631 4.37729 11.9228 8.3501 6.62674 7.83308 10.6409 11.0204 11.9026 9.14629 9.18933 12.1843 
2.45381 0 -1 -1 -1 -1 3.27649 3.49693 3.6372 4.52916 12.0747 8.50197 6.52763 7.98495 10.5697 11.1723 12.0545 9.29816 9.27966 12.3361 
-1 -1 0 0.790569 1.05119 0.872353 -1 -1 -1 -1 -1 -1 -1 -1 -1 -1 -1 -1 -1 -1 
-1 -1 0.790569 0 0.565685 1.40982 -1 -1 -1 -1 -1 -1 -1 -1 -1 -1 -1 -1 -1 -1 
-1 -1 1.05119 0.565685 0 1.29259 -1 -1 -1 -1 -1 -1 -1 -1 -1 -1 -1 -1 -1 -1 
-1 -1 0.872353 1.40982 1.29259 0 -1 -1 -1 -1 -1 -1 -1 -1 -1 -1 -1 -1 -1 -1 
2.03691 3.27649 -1 -1 -1 -1 0 0.531508 2.07292 2.36546 9.91101 6.33827 4.66228 5.82125 8.62912 9.00857 9.89076 7.13445 7.1775 10.1724 
2.53955 3.49693 -1 -1 -1 -1 0.531508 0 1.62274 1.83774 9.3833 5.81055 4.13457 5.29354 8.1014 8.48085 9.36304 6.60674 6.64978 9.64471 
3.73631 3.6372 -1 -1 -1 -1 2.07292 1.62274 0 0.891964 8.43752 4.86477 2.89043 4.34776 6.93254 7.53507 8.41726 5.66096 5.64247 8.69893 
4.37729 4.52916 -1 -1 -1 -1 2.36546 1.83774 0.891964 0 7.54555 3.97281 2.29682 3.45579 6.26366 6.64311 7.5253 4.76899 4.81204 7.80697 
11.9228 12.0747 -1 -1 -1 -1 9.91101 9.3833 8.43752 7.54555 0 3.57274 9.07367 7.5775 5.12754 3.25711 2.98464 7.82736 8.1778 4.25751 
8.3501 8.50197 -1 -1 -1 -1 6.33827 5.81055 4.86477 3.97281 3.57274 0 5.50092 4.00476 2.29085 2.6703 3.55249 4.99067 5.34111 3.83416 
6.62674 6.52763 -1 -1 -1 -1 4.66228 4.13457 2.89043 2.29682 9.07367 5.50092 0 1.49616 4.0421 5.91253 6.95569 2.78374 2.75204 6.41663 
7.83308 7.98495 -1 -1 -1 -1 5.82125 5.29354 4.34776 3.45579 7.5775 4.00476 1.49616 0 2.93334 4.80377 5.84693 1.3132 1.35624 5.30787 
10.6409 10.5697 -1 -1 -1 -1 8.62912 8.1014 6.93254 6.26366 5.12754 2.29085 4.0421 2.93334 0 1.87043 2.91359 2.69982 3.05026 2.37453 
11.0204 11.1723 -1 -1 -1 -1 9.00857 8.48085 7.53507 6.64311 3.25711 2.6703 5.91253 4.80377 1.87043 0 1.07205 4.57024 4.92069 1.2468 
11.9026 12.0545 -1 -1 -1 -1 9.89076 9.36304 8.41726 7.5253 2.98464 3.55249 6.95569 5.84693 2.91359 1.07205 0 5.6134 5.96385 1.27287 
9.14629 9.29816 -1 -1 -1 -1 7.13445 6.60674 5.66096 4.76899 7.82736 4.99067 2.78374 1.3132 2.69982 4.57024 5.6134 0 0.351141 5.07435 
9.18933 9.27966 -1 -1 -1 -1 7.1775 6.64978 5.64247 4.81204 8.1778 5.34111 2.75204 1.35624 3.05026 4.92069 5.96385 0.351141 0 5.42479 
12.1843 12.3361 -1 -1 -1 -1 10.1724 9.64471 8.69893 7.80697 4.25751 3.83416 6.41663 5.30787 2.37453 1.2468 1.27287 5.07435 5.42479 0 


0 0.388973 3.85996 7.7374 7.1305 7.88057 2.68269 6.80874 8.25463 8.41886 6.76333 6.51577 8.9565 11.0614 11.0666 8.01333 11.022 11.7367 8.32378 8.7476 
0.388973 0 4.05988 7.93731 7.33041 8.08049 2.53647 7.00866 8.45455 8.61878 6.61712 6.36955 8.81029 11.2613 11.2665 7.86712 11.2219 11.9366 8.17756 8.60139 
3.85996 4.05988 0 3.87744 3.27053 4.02061 3.17177 2.94878 4.39467 4.5589 7.25242 7.00485 6.52124 7.20147 7.20659 8.50242 7.16202 7.87677 8.4659 9.23668 
7.7374 7.93731 3.87744 0 0.822983 0.650692 7.0492 2.48942 2.65002 3.86291 10.7952 8.42497 5.98423 5.45681 5.46194 10.6612 5.86929 6.13212 7.92883 11.4742 
7.1305 7.33041 3.27053 0.822983 0 0.750266 6.4423 1.69012 2.13338 3.15087 10.0736 7.70332 5.26258 4.94017 4.9453 9.9395 5.35265 5.61547 7.20724 10.7525 
7.88057 8.08049 4.02061 0.650692 0.750266 0 7.19238 2.1157 2.03273 3.33594 10.2682 7.898 5.45726 4.83953 4.84465 10.1342 5.252 5.51483 7.40186 10.9472 
2.68269 2.53647 3.17177 7.0492 6.4423 7.19238 0 6.12055 7.56644 7.73067 4.08065 3.83308 6.27382 10.3732 10.3784 5.33065 8.6855 10.3125 5.64109 6.06491 
6.80874 7.00866 2.94878 2.48942 1.69012 2.1157 6.12055 0 1.44589 1.61012 8.38343 6.0132 3.57246 4.25269 4.25781 8.24938 4.21324 4.92799 5.51712 9.06241 
8.25463 8.45455 4.39467 2.65002 2.13338 2.03273 7.56644 1.44589 0 1.53522 8.40915 6.03892 3.59818 2.8068 2.81192 8.2751 3.21927 3.4821 5.54284 9.08813 
8.41886 8.61878 4.5589 3.86291 3.15087 3.33594 7.73067 1.61012 1.53522 0 6.93229 4.56206 2.12132 3.40978 3.32277 6.79824 2.60311 3.59457 4.06592 7.61127 
6.76333 6.61712 7.25242 10.7952 10.0736 10.2682 4.08065 8.38343 8.40915 6.93229 0 2.37023 4.81097 9.62007 9.4236 1.25 7.22265 8.84964 3.82394 1.98426 
6.51577 6.36955 7.00485 8.42497 7.70332 7.898 3.83308 6.0132 6.03892 4.56206 2.37023 0 2.44074 7.24983 7.05337 2.23618 4.85242 6.47941 1.80801 3.04921 
8.9565 8.81029 6.52124 5.98423 5.26258 5.45726 6.27382 3.57246 3.59818 2.12132 4.81097 2.44074 0 4.8091 4.61263 4.67692 2.41168 4.03868 1.94466 5.48995 
11.0614 11.2613 7.20147 5.45681 4.94017 4.83953 10.3732 4.25269 2.8068 3.40978 9.62007 7.24983 4.8091 0 0.202485 9.09324 2.39742 1.17478 5.9677 9.55113 
11.0666 11.2665 7.20659 5.46194 4.9453 4.84465 10.3784 4.25781 2.81192 3.32277 9.4236 7.05337 4.61263 0.202485 0 8.89677 2.20095 0.997447 5.77123 9.35467 
8.01333 7.86712 8.50242 10.6612 9.9395 10.1342 5.33065 8.24938 8.2751 6.79824 1.25 2.23618 4.67692 9.09324 8.89677 0 6.69582 8.36905 3.12554 0.91586 
11.022 11.2219 7.16202 5.86929 5.35265 5.252 8.6855 4.21324 3.21927 2.60311 7.22265 4.85242 2.41168 2.39742 2.20095 6.69582 0 1.67323 3.57028 7.15371 
11.7367 11.9366 7.87677 6.13212 5.61547 5.51483 10.3125 4.92799 3.4821 3.59457 8.84964 6.47941 4.03868 1.17478 0.997447 8.36905 1.67323 0 5.24351 8.82694 
8.32378 8.17756 8.4659 7.92883 7.20724 7.40186 5.64109 5.51712 5.54284 4.06592 3.82394 1.80801 1.94466 5.9677 5.77123 3.12554 3.57028 5.24351 0 3.58343 
8.7476 8.60139 9.23668 11.4742 10.7525 10.9472 6.06491 9.06241 9.08813 7.61127 1.98426 3.04921 5.48995 9.55113 9.35467 0.91586 7.15371 8.82694 3.58343 0 


0 3.28317 2.17624 5.1306 6.2507 9.92791 5.45297 9.21154 6.74115 6.59931 6.10075 9.77402 8.3777 8.40746 8.82049 11.6853 10.1289 10.0545 11.0554 10.517 
3.28317 0 1.28063 1.84743 3.02055 6.64907 2.48455 5.92837 3.74977 3.6273 3.42756 7.10083 5.70451 5.73427 6.14731 9.01216 7.34657 7.38136 8.27307 7.8438 
2.17624 1.28063 0 3.04385 4.07447 7.75167 3.27674 7.12479 4.56491 4.42308 3.92451 7.59778 6.20146 6.23122 6.64426 9.5091 7.95268 7.87831 8.87918 8.34075 
5.1306 1.84743 3.04385 0 1.30511 4.80164 1.45465 4.08094 2.3658 2.43 2.63795 6.31122 4.90488 4.83869 5.35698 8.21252 6.03111 6.25261 6.95761 7.05348 
6.2507 3.02055 4.07447 1.30511 0 3.6772 1.15953 3.09483 1.23762 1.47139 2.01556 5.68883 4.24358 3.84089 4.61217 7.55122 4.90293 5.12443 5.82943 6.30867 
9.92791 6.64907 7.75167 4.80164 3.6772 0 4.83673 0.720694 4.05035 4.47236 5.25542 8.92869 7.16934 6.65927 7.50636 10.477 7.71566 7.93716 8.64216 9.17534 
5.45297 2.48455 3.27674 1.45465 1.15953 4.83673 0 4.25436 1.28818 1.14634 1.18406 4.85733 3.45023 3.42013 3.90233 6.75787 4.86562 4.98014 5.79212 5.59883 
9.21154 5.92837 7.12479 4.08094 3.09483 0.720694 4.25436 0 3.3596 3.78114 4.56467 8.23794 6.47859 5.96853 6.81561 9.78623 7.02491 7.24641 7.95141 8.48459 
6.74115 3.74977 4.56491 2.3658 1.23762 4.05035 1.28818 3.3596 0 0.422019 1.20507 4.87834 3.11899 2.60893 3.45601 6.42663 3.66531 3.88681 4.59181 5.125 
6.59931 3.6273 4.42308 2.43 1.47139 4.47236 1.14634 3.78114 0.422019 0 0.785175 4.45844 2.77218 2.40869 3.14078 6.07983 3.71927 3.8338 4.64577 4.83728 
6.10075 3.42756 3.92451 2.63795 2.01556 5.25542 1.18406 4.56467 1.20507 0.785175 0 3.67327 2.27695 2.30671 2.71974 5.58459 4.02816 3.9538 4.95466 4.41624 
9.77402 7.10083 7.59778 6.31122 5.68883 8.92869 4.85733 8.23794 4.87834 4.45844 3.67327 0 2.74274 4.06076 3.03765 2.25559 6.2493 5.60484 7.03391 3.9129 
8.3777 5.70451 6.20146 4.90488 4.24358 7.16934 3.45023 6.47859 3.11899 2.77218 2.27695 2.74274 0 1.33821 0.516237 3.30764 3.50657 2.89292 4.3366 2.18673 
8.40746 5.73427 6.23122 4.83869 3.84089 6.65927 3.42013 5.96853 2.60893 2.40869 2.30671 4.06076 1.33821 0 1.27346 4.51349 2.20952 1.77003 3.04821 2.51607 
8.82049 6.14731 6.64426 5.35698 4.61217 7.50636 3.90233 6.81561 3.45601 3.14078 2.71974 3.03765 0.516237 1.27346 0 3.24003 3.28221 2.5672 3.99626 1.6965 
11.6853 9.01216 9.5091 8.21252 7.55122 10.477 6.75787 9.78623 6.42663 6.07983 5.58459 2.25559 3.30764 4.51349 3.24003 0 6.52224 5.70299 7.04151 2.98873 
10.1289 7.34657 7.95268 6.03111 4.90293 7.71566 4.86562 7.02491 3.66531 3.71927 4.02816 6.2493 3.50657 2.20952 3.28221 6.52224 0 0.9717 0.926499 3.6698 
10.0545 7.38136 7.87831 6.25261 5.12443 7.93716 4.98014 7.24641 3.88681 3.8338 3.9538 5.60484 2.89292 1.77003 2.5672 5.70299 0.9717 0 1.44368 2.71426 
11.0554 8.27307 8.87918 6.95761 5.82943 8.64216 5.79212 7.95141 4.59181 4.64577 4.95466 7.03391 4.3366 3.04821 3.99626 7.04151 0.926499 1.44368 0 4.05278 
10.517 7.8438 8.34075 7.05348 6.30867 9.17534 5.59883 8.48459 5.125 4.83728 4.41624 3.9129 2.18673 2.51607 1.6965 2.98873 3.6698 2.71426 4.05278 0 


0 0.965091 0.512445 -1 2.50194 3.36476 3.3017 4.17725 6.23805 4.82801 7.70178 8.18794 7.52115 8.0259 9.45781 9.88542 10.5408 10.9201 9.31759 12.5425 
0.965091 0 0.861626 -1 2.79007 3.77976 3.62604 4.46772 6.52618 5.11614 7.98991 8.47608 7.80928 8.31403 9.74595 10.1735 10.8289 11.2082 9.60572 12.8307 
0.512445 0.861626 0 -1 2.09812 3.02711 2.92181 3.77576 5.83423 4.42419 7.29795 7.78412 7.11733 7.62208 9.05399 9.48159 10.137 10.5162 8.91377 12.1387 
-1 -1 -1 0 -1 -1 -1 -1 -1 -1 -1 -1 -1 -1 -1 -1 -1 -1 -1 -1 
2.50194 2.79007 2.09812 -1 0 1.03175 0.836002 1.67765 3.73611 2.32607 5.19984 5.68601 5.01921 5.52396 6.95587 7.38348 8.03888 8.41813 6.81565 10.0406 
3.36476 3.77976 3.02711 -1 1.03175 0 0.37363 0.961769 4.25355 2.21921 5.22674 5.95172 4.57636 5.4171 7.00758 7.27662 8.2282 8.40002 6.37281 10.2299 
3.3017 3.62604 2.92181 -1 0.836002 0.37363 0 0.875557 3.87992 1.91951 4.92703 5.65201 4.49015 5.1174 6.70787 6.97691 7.9285 8.10031 6.28659 9.93022 
4.17725 4.46772 3.77576 -1 1.67765 0.961769 0.875557 0 3.87505 1.49094 4.49846 5.22345 3.6146 4.68883 6.27931 6.54835 7.49993 7.67175 5.41104 9.50165 
6.23805 6.52618 5.83423 -1 3.73611 4.25355 3.87992 3.87505 0 2.54867 1.46373 1.9499 3.94194 3.23224 3.21977 3.68706 4.30277 4.68202 5.26441 6.30449 
4.82801 5.11614 4.42419 -1 2.32607 2.21921 1.91951 1.49094 2.54867 0 3.00752 3.73251 2.69314 3.19789 4.78837 5.05741 6.00899 6.18081 4.48958 8.01071 
7.70178 7.98991 7.29795 -1 5.19984 5.22674 4.92703 4.49846 1.46373 3.00752 0 0.724983 3.21549 2.04277 1.78084 2.22686 3.00147 3.24729 4.07482 5.00319 
8.18794 8.47608 7.78412 -1 5.68601 5.95172 5.65201 5.22345 1.9499 3.73251 0.724983 0 3.7126 2.32699 1.35004 1.87683 2.35287 2.73212 4.35916 4.3546 
7.52115 7.80928 7.11733 -1 5.01921 4.57636 4.49015 3.6146 3.94194 2.69314 3.21549 3.7126 0 1.60702 3.54565 3.44606 4.95493 4.58993 1.79644 6.74239 
8.0259 8.31403 7.62208 -1 5.52396 5.4171 5.1174 4.68883 3.23224 3.19789 2.04277 2.32699 1.60702 0 1.94064 1.85952 3.34791 2.98292 2.03217 5.15585 
9.45781 9.74595 9.05399 -1 6.95587 7.00758 6.70787 6.27931 3.21977 4.78837 1.78084 1.35004 3.54565 1.94064 0 0.547083 1.4654 1.47353 3.54203 3.41211 
9.88542 10.1735 9.48159 -1 7.38348 7.27662 6.97691 6.54835 3.68706 5.05741 2.22686 1.87683 3.44606 1.85952 0.547083 0 1.52082 1.17796 3.1846 3.29633 
10.5408 10.8289 10.137 -1 8.03888 8.2282 7.9285 7.49993 4.30277 6.00899 3.00147 2.35287 4.95493 3.34791 1.4654 1.52082 0 0.942603 4.70543 2.00172 
10.9201 11.2082 10.5162 -1 8.41813 8.40002 8.10031 7.67175 4.68202 6.18081 3.24729 2.73212 4.58993 2.98292 1.47353 1.17796 0.942603 0 3.92001 2.17573 
9.31759 9.60572 8.91377 -1 6.81565 6.37281 6.28659 5.41104 5.26441 4.48958 4.07482 4.35916 1.79644 2.03217 3.54203 3.1846 4.70543 3.92001 0 6.09574 
12.5425 12.8307 12.1387 -1 10.0406 10.2299 9.93022 9.50165 6.30449 8.01071 5.00319 4.3546 6.74239 5.15585 3.41211 3.29633 2.00172 2.17573 6.09574 0 


0 4.31952 1.07205 5.6753 2.45491 4.85065 3.29656 4.39544 3.54775 4.82871 4.24845 6.41039 6.75564 6.49374 7.95392 8.53209 8.16377 8.89971 10.4624 10.2639 
4.31952 0 3.24746 9.12742 5.90703 3.06415 5.81444 3.69385 6.83168 3.88799 5.85556 9.86251 10.2078 9.28725 6.58234 11.3256 10.9573 7.95899 10.2044 8.89236 
1.07205 3.24746 0 5.87996 2.65957 3.7786 3.02962 3.32339 3.58422 3.75666 3.9273 6.61504 6.9603 6.65553 6.88187 8.69389 8.32556 7.82766 10.0731 9.19189 
5.6753 9.12742 5.87996 0 3.22039 7.69183 4.48761 6.52886 3.44819 6.86405 4.83256 2.03089 2.37539 3.97203 9.99726 5.29309 5.64206 10.1862 7.94072 11.1484 
2.45491 5.90703 2.65957 3.22039 0 4.47144 1.39517 3.30847 1.13018 3.67883 2.21653 3.95548 4.30073 4.03882 6.81204 6.07718 5.70885 7.74983 8.00751 9.12206 
4.85065 3.06415 3.7786 7.69183 4.47144 0 3.26497 1.16297 4.30439 1.04561 3.30553 7.85518 8.00743 6.73722 3.5182 8.77557 8.40725 5.0479 7.16484 5.82822 
3.29656 5.81444 3.02962 4.48761 1.39517 3.26497 0 2.12059 1.03942 2.42324 0.951893 4.59021 4.74246 3.8895 5.55645 5.92786 5.55953 6.49424 7.85819 7.86647 
4.39544 3.69385 3.32339 6.52886 3.30847 1.16297 2.12059 0 3.14358 0.442041 2.16171 6.69437 6.84662 5.5934 3.55848 7.63176 7.26343 4.51304 6.75848 5.8685 
3.54775 6.83168 3.58422 3.44819 1.13018 4.30439 1.03942 3.14358 0 3.41586 1.38438 3.55079 3.70304 3.07132 6.54907 5.10968 4.74135 7.48686 7.04001 8.85909 
4.82871 3.88799 3.75666 6.86405 3.67883 1.04561 2.42324 0.442041 3.41586 0 2.30417 6.96665 7.1189 5.73586 3.13321 7.77422 7.40589 4.071 6.31644 5.44323 
4.24845 5.85556 3.9273 4.83256 2.21653 3.30553 0.951893 2.16171 1.38438 2.30417 0 4.93517 5.08742 3.43169 5.43738 5.47005 5.10172 6.37517 7.40038 7.7474 
6.41039 9.86251 6.61504 2.03089 3.95548 7.85518 4.59021 6.69437 3.55079 6.96665 4.93517 0 0.345254 2.36882 9.98415 3.26221 3.74322 8.58295 6.33751 9.54516 
6.75564 10.2078 6.9603 2.37539 4.30073 8.00743 4.74246 6.84662 3.70304 7.1189 5.08742 0.345254 0 2.19009 9.80542 2.93319 3.47311 8.40422 6.15878 9.36643 
6.49374 9.28725 6.65553 3.97203 4.03882 6.73722 3.8895 5.5934 3.07132 5.73586 3.43169 2.36882 2.19009 0 7.61533 2.03836 1.67003 6.21413 3.96869 7.17634 
7.95392 6.58234 6.88187 9.99726 6.81204 3.5182 5.55645 3.55848 6.54907 3.13321 5.43738 9.98415 9.80542 7.61533 0 8.17407 6.86025 1.52971 3.64664 2.31002 
8.53209 11.3256 8.69389 5.29309 6.07718 8.77557 5.92786 7.63176 5.10968 7.77422 5.47005 3.26221 2.93319 2.03836 8.17407 0 1.31381 6.77286 4.52742 7.73507 
8.16377 10.9573 8.32556 5.64206 5.70885 8.40725 5.55953 7.26343 4.74135 7.40589 5.10172 3.74322 3.47311 1.67003 6.86025 1.31381 0 5.45905 3.21361 6.42126 
8.89971 7.95899 7.82766 10.1862 7.74983 5.0479 6.49424 4.51304 7.48686 4.071 6.37517 8.58295 8.40422 6.21413 1.52971 6.77286 5.45905 0 2.24544 1.55878 
10.4624 10.2044 10.0731 7.94072 8.00751 7.16484 7.85819 6.75848 7.04001 6.31644 7.40038 6.33751 6.15878 3.96869 3.64664 4.52742 3.21361 2.24544 0 3.20765 
10.2639 8.89236 9.19189 11.1484 9.12206 5.82822 7.86647 5.8685 8.85909 5.44323 7.7474 9.54516 9.36643 7.17634 2.31002 7.73507 6.42126 1.55878 3.20765 0 


0 3.66715 5.6952 5.09351 6.34493 6.53673 3.91327 4.88017 6.46876 7.42573 9.45373 6.19406 6.5726 7.27053 6.99551 9.58416 7.59394 8.75893 11.9197 9.54444 
3.66715 0 2.02805 1.42636 2.67778 8.05659 5.43314 6.39978 3.49986 3.75858 5.78658 6.5671 7.48905 8.50256 7.91713 6.53147 6.68449 7.48897 8.25253 9.44776 
5.6952 2.02805 0 1.12645 3.55225 8.93106 6.30761 7.27425 4.27963 3.2928 5.3208 7.44157 8.36307 9.37697 8.79161 6.44349 7.46751 8.1015 7.78675 10.2308 
5.09351 1.42636 1.12645 0 2.43347 7.81229 5.18883 6.15548 3.15317 2.59515 4.62315 6.32279 7.23661 8.25052 7.67283 5.74585 6.34106 7.14228 7.0891 9.10433 
6.34493 2.67778 3.55225 2.43347 0 5.37881 2.75536 3.722 0.822253 2.2429 4.2709 3.88932 4.81127 5.82478 5.23936 3.85369 4.00671 4.81136 6.39487 6.76998 
6.53673 8.05659 8.93106 7.81229 5.37881 0 2.62345 1.73303 5.17894 7.42164 9.04733 3.6563 3.27086 3.1597 3.39466 7.34201 5.54301 6.66337 9.88319 6.47777 
3.91327 5.43314 6.30761 5.18883 2.75536 2.62345 0 0.966902 2.55548 4.79818 6.42388 2.28079 2.65932 3.35726 3.08224 5.67089 3.68067 4.84566 8.21207 5.63116 
4.88017 6.39978 7.27425 6.15548 3.722 1.73303 0.966902 0 3.48465 5.72735 7.35305 2.28081 2.30002 2.74476 2.63471 5.96653 4.01011 5.1751 8.50771 5.56269 
6.46876 3.49986 4.27963 3.15317 0.822253 5.17894 2.55548 3.48465 0 2.2427 3.8684 3.22405 4.08344 5.09735 4.55099 3.12474 3.18788 3.98911 5.66592 5.95116 
7.42573 3.75858 3.2928 2.59515 2.2429 7.42164 4.79818 5.72735 2.2427 0 2.028 5.46675 6.32614 7.34004 6.79369 3.1507 5.14092 4.80871 4.49395 7.40727 
9.45373 5.78658 5.3208 4.62315 4.2709 9.04733 6.42388 7.35305 3.8684 2.028 0 6.4987 7.40046 8.28076 7.65286 2.81299 4.80321 4.471 2.46595 7.06956 
6.19406 6.5671 7.44157 6.32279 3.88932 3.6563 2.28079 2.28081 3.22405 5.46675 6.4987 0 0.921955 1.93546 1.35004 3.68572 1.88672 3.00707 6.2269 3.35037 
6.5726 7.48905 8.36307 7.23661 4.81127 3.27086 2.65932 2.30002 4.08344 6.32614 7.40046 0.921955 0 1.0139 0.467547 4.58747 2.59725 3.61006 7.12866 3.26267 
7.27053 8.50256 9.37697 8.25052 5.82478 3.1597 3.35726 2.74476 5.09735 7.34004 8.28076 1.93546 1.0139 0 0.631981 5.46777 3.47754 4.41009 7.98626 3.42067 
6.99551 7.91713 8.79161 7.67283 5.23936 3.39466 3.08224 2.63471 4.55099 6.79369 7.65286 1.35004 0.467547 0.631981 0 4.83988 2.84965 3.77811 7.35428 3.08312 
9.58416 6.53147 6.44349 5.74585 3.85369 7.34201 5.67089 5.96653 3.12474 3.1507 2.81299 3.68572 4.58747 5.46777 4.83988 0 1.99023 1.65801 2.54118 4.25657 
7.59394 6.68449 7.46751 6.34106 4.00671 5.54301 3.68067 4.01011 3.18788 5.14092 4.80321 1.88672 2.59725 3.47754 2.84965 1.99023 0 1.16499 4.53141 2.76328 
8.75893 7.48897 8.1015 7.14228 4.81136 6.66337 4.84566 5.1751 3.98911 4.80871 4.471 3.00707 3.61006 4.41009 3.77811 1.65801 1.16499 0 3.57617 2.59856 
11.9197 8.25253 7.78675 7.0891 6.39487 9.88319 8.21207 8.50771 5.66592 4.49395 2.46595 6.2269 7.12866 7.98626 7.35428 2.54118 4.53141 3.57617 0 6.17473 
9.54444 9.44776 10.2308 9.10433 6.76998 6.47777 5.63116 5.56269 5.95116 7.40727 7.06956 3.35037 3.26267 3.42067 3.08312 4.25657 2.76328 2.59856 6.17473 0 


0 0.300832 1.47139 3.52865 3.47876 6.00449 3.43792 4.79107 3.9684 5.00417 8.39808 7.12768 5.49094 6.70486 6.83036 8.07307 8.18337 8.67865 8.3487 10.7167 
0.300832 0 1.53052 3.24735 3.58521 6.11093 3.28445 4.50977 3.79195 5.0633 8.4572 7.23412 5.33747 6.52841 6.65391 7.9196 8.00692 8.73778 8.19523 10.6444 
1.47139 1.53052 0 3.47315 2.06959 4.59532 2.46295 4.73557 3.06894 3.53278 6.92668 5.71851 4.0426 5.78151 5.8689 6.62473 7.26003 7.20725 6.90036 9.24532 
3.52865 3.24735 3.47315 0 5.22067 7.7464 2.22767 1.26242 2.13588 5.87168 9.26558 8.13718 3.99372 4.0153 4.50621 6.57585 5.32302 8.6089 6.85148 9.3007 
3.47876 3.58521 2.06959 5.22067 0 2.52573 2.99301 5.3292 3.52919 1.53405 4.92795 3.64892 3.43526 5.87837 5.65791 5.23033 7.1838 5.20853 5.53961 7.24659 
6.00449 6.11093 4.59532 7.7464 2.52573 0 5.51874 7.85493 6.05492 2.21057 2.44401 2.3817 5.35014 7.79325 7.57279 5.90685 9.09868 5.19746 6.21612 7.23552 
3.43792 3.28445 2.46295 2.22767 2.99301 5.51874 0 2.33619 0.615224 3.64401 7.03792 5.90951 2.05302 3.31857 3.40595 4.63515 4.79708 6.6682 4.91078 7.36 
4.79107 4.50977 4.73557 1.26242 5.3292 7.85493 2.33619 0 1.91909 5.93626 9.33017 8.20177 3.50407 2.8956 3.28495 6.0862 4.0606 8.11925 6.36183 8.81105 
3.9684 3.79195 3.06894 2.13588 3.52919 6.05492 0.615224 1.91909 0 4.01718 7.41108 6.28268 1.87003 2.73646 2.86196 4.45216 4.21497 6.48521 4.72779 7.17701 
5.00417 5.0633 3.53278 5.87168 1.53405 2.21057 3.64401 5.93626 4.01718 0 3.39391 2.2655 3.13957 5.58268 5.36223 3.69628 6.88812 3.67448 4.00556 5.71254 
8.39808 8.4572 6.92668 9.26558 4.92795 2.44401 7.03792 9.33017 7.41108 3.39391 0 1.43293 6.53348 8.97659 8.75613 5.49064 10.282 3.97517 5.82079 6.01324 
7.12768 7.23412 5.71851 8.13718 3.64892 2.3817 5.90951 8.20177 6.28268 2.2655 1.43293 0 5.40507 7.84818 7.4099 4.05771 8.94046 2.81576 4.38786 4.85382 
5.49094 5.33747 4.0426 3.99372 3.43526 5.35014 2.05302 3.50407 1.87003 3.13957 6.53348 5.40507 0 2.44311 2.22266 2.58213 3.74855 4.61518 2.85776 5.30698 
6.70486 6.52841 5.78151 4.0153 5.87837 7.79325 3.31857 2.8956 2.73646 5.58268 8.97659 7.84818 2.44311 0 0.490917 3.82092 1.47851 5.85397 3.92189 6.39175 
6.83036 6.65391 5.8689 4.50621 5.65791 7.57279 3.40595 3.28495 2.86196 5.36223 8.75613 7.4099 2.22266 0.490917 0 3.35219 1.53056 5.38524 3.44224 5.9121 
8.07307 7.9196 6.62473 6.57585 5.23033 5.90685 4.63515 6.0862 4.45216 3.69628 5.49064 4.05771 2.58213 3.82092 3.35219 0 4.88275 2.03305 0.330151 2.72485 
8.18337 8.00692 7.26003 5.32302 7.1838 9.09868 4.79708 4.0606 4.21497 6.88812 10.282 8.94046 3.74855 1.47851 1.53056 4.88275 0 6.9158 4.97279 7.44265 
8.67865 8.73778 7.20725 8.6089 5.20853 5.19746 6.6682 8.11925 6.48521 3.67448 3.97517 2.81576 4.61518 5.85397 5.38524 2.03305 6.9158 0 2.03246 2.03806 
8.3487 8.19523 6.90036 6.85148 5.53961 6.21612 4.91078 6.36183 4.72779 4.00556 5.82079 4.38786 2.85776 3.92189 3.44224 0.330151 4.97279 2.03246 0 2.46986 
10.7167 10.6444 9.24532 9.3007 7.24659 7.23552 7.36 8.81105 7.17701 5.71254 6.01324 4.85382 5.30698 6.39175 5.9121 2.72485 7.44265 2.03806 2.46986 0 


0 2.12269 2.60762 6.58487 3.90693 3.50967 8.73958 3.34906 5.62099 8.81664 5.67769 8.80649 6.87112 6.92098 9.37744 8.60335 6.67329 6.23437 10.0348 10.0514 
2.12269 0 0.485078 4.46233 2.53584 2.50799 6.81207 3.24025 3.70304 6.89869 5.56887 6.88854 6.76231 6.81216 7.45949 6.6854 5.67161 5.82524 8.52467 9.04967 
2.60762 0.485078 0 3.97725 2.37002 2.47251 6.32699 3.39401 3.35288 6.54853 5.72264 6.53838 6.91607 6.96593 7.10933 6.33524 5.51772 5.78977 8.17451 8.89578 
6.58487 4.46233 3.97725 0 5.17563 5.82642 2.34974 7.12759 3.46157 2.88134 9.45622 3.85695 10.6497 10.6995 4.90772 5.64746 6.63049 8.0018 7.47585 8.57747 
3.90693 2.53584 2.37002 5.17563 0 0.680073 4.83265 2.06981 1.71406 4.90971 4.33309 4.89956 5.53592 5.58516 5.47051 4.69642 3.1477 3.57325 6.50916 6.52576 
3.50967 2.50799 2.47251 5.82642 0.680073 0 5.48344 1.40186 2.36485 5.5605 3.65301 5.55034 4.85584 4.90509 6.12129 5.34721 3.16362 3.31726 6.52508 6.54168 
8.73958 6.81207 6.32699 2.34974 4.83265 5.48344 0 6.78461 3.11859 0.537587 9.11324 1.59906 10.3067 10.3565 2.6432 3.29771 6.2875 7.65881 5.13698 6.22773 
3.34906 3.24025 3.39401 7.12759 2.06981 1.40186 6.78461 0 3.66602 6.86167 2.32863 6.85152 3.52206 3.57192 7.42247 6.64838 3.33114 2.88531 6.6926 6.7092 
5.62099 3.70304 3.35288 3.46157 1.71406 2.36485 3.11859 3.66602 0 3.19565 5.99465 3.1855 7.18808 7.23794 3.75645 2.98236 3.16891 4.54023 4.82163 5.91238 
8.81664 6.89869 6.54853 2.88134 4.90971 5.5605 0.537587 6.86167 3.19565 0 9.1903 1.09142 10.3837 10.4336 2.12144 2.89353 6.26359 7.6349 4.71032 5.82354 
5.67769 5.56887 5.72264 9.45622 4.33309 3.65301 9.11324 2.32863 5.99465 9.1903 0 9.17903 1.20283 1.25208 8.725 7.26172 3.89166 2.68076 7.25312 7.26972 
8.80649 6.88854 6.53838 3.85695 4.89956 5.55034 1.59906 6.85152 3.1855 1.09142 9.17903 0 9.80367 9.83825 1.05076 1.91732 5.28737 6.65869 3.61889 4.77514 
6.87112 6.76231 6.91607 10.6497 5.53592 4.85584 10.3067 3.52206 7.18808 10.3837 1.20283 9.80367 0 0.0499998 9.34964 7.88635 4.51629 3.14498 7.87775 7.89435 
6.92098 6.81216 6.96593 10.6995 5.58516 4.90509 10.3565 3.57192 7.23794 10.4336 1.25208 9.83825 0.0499998 0 9.38422 7.92093 4.55087 3.17956 7.91233 7.92893 
9.37744 7.45949 7.10933 4.90772 5.47051 6.12129 2.6432 7.42247 3.75645 2.12144 8.725 1.05076 9.34964 9.38422 0 1.46328 4.83334 6.20466 2.80793 3.96285 
8.60335 6.6854 6.33524 5.64746 4.69642 5.34721 3.29771 6.64838 2.98236 2.89353 7.26172 1.91732 7.88635 7.92093 1.46328 0 3.37006 4.74137 1.83927 2.93002 
6.67329 5.67161 5.51772 6.63049 3.1477 3.16362 6.2875 3.33114 3.16891 6.26359 3.89166 5.28737 4.51629 4.55087 4.83334 3.37006 0 1.37131 3.36146 3.37806 
6.23437 5.82524 5.78977 8.0018 3.57325 3.31726 7.65881 2.88531 4.54023 7.6349 2.68076 6.65869 3.14498 3.17956 6.20466 4.74137 1.37131 0 4.73277 4.74938 
10.0348 8.52467 8.17451 7.47585 6.50916 6.52508 5.13698 6.6926 4.82163 4.71032 7.25312 3.61889 7.87775 7.91233 2.80793 1.83927 3.36146 4.73277 0 1.15624 
10.0514 9.04967 8.89578 8.57747 6.52576 6.54168 6.22773 6.7092 5.91238 5.82354 7.26972 4.77514 7.89435 7.92893 3.96285 2.93002 3.37806 4.74938 1.15624 0 


0 2.87392 3.0568 3.17455 6.17357 7.44357 1.74416 7.94591 7.90897 5.69114 5.1517 6.2733 7.2882 6.92192 7.23208 9.57345 11.9314 11.1406 11.7808 11.8326 
2.87392 0 0.240416 0.460434 3.39012 4.66012 2.92453 5.16246 5.12551 3.79195 6.33207 7.45368 5.38901 8.1023 8.41245 7.67427 10.0322 9.24141 9.88158 9.93344 
3.0568 0.240416 0 0.228473 3.16394 4.43394 2.98779 4.93628 4.89933 3.59117 6.39533 7.51693 5.18823 8.16555 8.47571 7.47349 9.83139 9.04063 9.68079 9.73266 
3.17455 0.460434 0.228473 0 2.99902 4.26902 2.97935 4.77136 4.73441 3.36858 6.38688 7.50849 4.96564 8.15711 8.46727 7.25089 9.6088 8.81804 9.4582 9.51006 
6.17357 3.39012 3.16394 2.99902 0 1.27 5.97836 1.77234 1.7354 3.13955 9.3859 10.5075 4.73661 11.1561 11.4663 7.02187 9.37977 8.58902 9.22918 9.28104 
7.44357 4.66012 4.43394 4.26902 1.27 0 7.24836 1.34451 1.61012 4.40955 10.6559 11.7775 5.50907 12.4261 12.7363 8.15426 10.5122 9.36147 10.3616 10.0535 
1.74416 2.92453 2.98779 2.97935 5.97836 7.24836 0 7.43965 7.04258 3.94697 3.40754 4.52914 5.54403 5.17776 5.48792 7.82929 10.1872 9.39644 10.0366 10.0885 
7.94591 5.16246 4.93628 4.77136 1.77234 1.34451 7.43965 0 0.411825 3.49268 10.8472 11.9688 4.31077 12.6174 12.9276 6.95596 9.31386 8.16318 9.16326 8.8552 
7.90897 5.12551 4.89933 4.73441 1.7354 1.61012 7.04258 0.411825 0 3.09561 10.4501 11.5717 3.89895 12.2203 12.5305 6.54413 8.90203 7.75135 8.75144 8.44338 
